緯度	經度	海拔
24.397295771832898	121.30733951690434	1898.1766648050398
24.397242535285347	121.30740138041524	1895.99771215779
24.39723785985579	121.30691002696415	1900.74081464042
24.397268852670553	121.30748260970084	1896.326044665023
24.39726528490749	121.30727613330976	1895.4456274233526
24.39696781404116	121.30754325809018	1895.9857327567365
24.39709100975444	121.30766312098027	1895.719364390448
24.397297395811812	121.30708484390593	1896.366410966585
24.397091648504173	121.30747759325874	1897.3668262588997
24.397340726177074	121.30727776376888	1896.1462655761072
24.39715528745526	121.30735993806107	1897.7537046107818
24.39728984396267	121.30712533131347	1895.829027850057
24.397111734462488	121.30732547138777	1896.3936141219192
24.39719821873846	121.30733058898934	1896.2931963558362
24.397102460969634	121.30716161500388	1897.4575641179124
24.39701637465029	121.3072436134024	1898.3406506012068
24.39716671155616	121.30723908333601	1900.2456903949599
24.396866249474908	121.30735270288751	1897.7028555437098
24.397	121.3077	1894.0208499403898
24.39704175822705	121.3079329295931	1891.689074724581
24.397378034509746	121.3079384834654	1888.2065904456763
24.397715469726364	121.30776819274506	1890.9460355202707
24.398037948490817	121.30790246081104	1896.1096706564194
24.398906049118246	121.3081806349895	1906.8654427456202
24.3989	121.3083	1908.2024034304704
24.399155066960557	121.30833635019597	1911.0398418469829
24.39973863629532	121.30774329658642	1921.7896599638548
24.40057718214382	121.3073717248651	1926.2302633905974
24.401407959618602	121.3069653572575	1944.1896796051171
24.40195822325904	121.30684637132804	1943.991270141005
24.40233443945635	121.30699700326035	1956.2880743732776
24.403235186176037	121.30715132901268	1964.5321884301845
24.404138234600495	121.30729317614299	1972.1680193722868
24.405041518748106	121.30755043508618	1982.7639409200865
24.405128644509478	121.30751767620936	1987.942260751764
24.40502978233482	121.30765190039789	1983.2981052442854
24.405197415735636	121.30763446796978	1981.147310466318
24.405251709117138	121.30747161604621	1983.8174667183787
24.404990528620385	121.30720351694879	1993.0822428644055
24.40427637379819	121.30698880623513	1991.350600425977
24.404095375525674	121.30701891537973	1994.133621513659
24.403455566675362	121.30656673010076	1997.2339752125192
24.402880655854016	121.30617334053456	1998.0415088067766
24.40292924065413	121.30607967253111	1996.861534269589
24.403374045442725	121.3062059637503	2008.6906316843379
24.40392512620781	121.30569289103865	2026.4583152599319
24.404341706119457	121.3048057990762	2039.2196219323278
24.404423449079605	121.30454513695017	2044.6244841014186
24.404873588729135	121.30400170721803	2058.185761334895
24.405450415661818	121.3032231728924	2062.568742390921
24.4057420564854	121.30303017147884	2068.018310469737
24.405757313800322	121.30269750906878	2080.612319847958
24.40592711674596	121.30270419305965	2077.5856763072325
24.406049203349816	121.30295353469295	2083.592350610254
24.40575115587562	121.3032554395996	2080.537866156179
24.40548832135287	121.30421954282046	2088.487676328923
24.405015506527874	121.30508186068123	2092.8150615288905
24.404926873588007	121.30543976288979	2096.8759491252404
24.40504967762953	121.30576023125647	2091.994506632447
24.405191718992782	121.30515101892182	2104.9714636307463
24.405744937323238	121.30448894358223	2114.005735486643
24.406179622575614	121.30360799658817	2117.0213294073587
24.406346328578486	121.30363007214412	2119.7786849591016
24.40616292996562	121.3039806349781	2128.2083060059254
24.406127299836196	121.3045954910871	2135.481911209632
24.405905908952672	121.30500187218472	2139.0219741038445
24.405948413157144	121.30550797404652	2137.995064605017
24.40603178009488	121.3051420455825	2145.1814669227397
24.406814363967573	121.30393840753536	2164.103674274656
24.407131027792417	121.30380270780792	2170.8971128836656
24.406802184534953	121.30425246902055	2173.954477510136
24.40676696891767	121.30493278066052	2184.450236498856
24.40681920317984	121.3054645982735	2182.721559058648
24.406958565589516	121.3055665377322	2180.60036722468
24.40699270110952	121.30495785445626	2194.6575610433224
24.407489697307184	121.30447624172965	2208.350021531121
24.407590332557437	121.30468872703527	2215.192927155518
24.40731987350644	121.30499553040542	2209.3917294324597
24.407464040237212	121.30507227825186	2212.189060549224
24.40767865473462	121.304937659027	2215.5690887946066
24.407863718860813	121.30487844477423	2216.791812177525
24.408	121.3045	2223.3078187908254
24.407991428752617	121.30455956757389	2224.471404839819
24.408041835962194	121.30458402690253	2221.609761835076
24.408345701686674	121.30365541230144	2251.5061601136986
24.40863636399471	121.30333270972909	2272.7353796341395
24.40864728246034	121.303079927854	2281.233083288297
24.408838759157028	121.3028224231577	2285.9410139045604
24.40941824026676	121.3020497581454	2304.281060816697
24.409941158267042	121.30164802412455	2337.886550795897
24.409926653256367	121.30139110381059	2340.525598858723
24.409790883575326	121.30128860272494	2347.6642196280745
24.409864505202773	121.30118565326183	2346.6377049439147
24.40989954564815	121.30121478751627	2354.6492036025415
24.409925084716715	121.30125774102315	2350.490098767914
24.4103956089942	121.3014026120061	2362.675156078137
24.41033986338226	121.30124040336898	2370.5815099624274
24.410627839019014	121.30124119837836	2378.711918844705
24.410487118533535	121.30104827739233	2385.0122298552565
24.410791569202026	121.30098108389953	2400.2993172636316
24.411084955441606	121.30059901011087	2423.7212290095113
24.41158782153399	121.30051009955942	2431.2722168368155
24.41179425093342	121.30036860905624	2441.86362324739
24.41195965957786	121.30044937524384	2442.172536605138
24.41248348578919	121.30033583655545	2457.1945302738277
24.41325618669329	121.29980890638232	2487.4102104033436
24.413761931318465	121.2994960298249	2514.509155762856
24.413966700908535	121.29956758653334	2522.5007904137296
24.413985393994004	121.29948801666275	2525.1384956184775
24.414092056767668	121.29933412777618	2532.495818573824
24.41464007508687	121.29947579737149	2562.7094204908362
24.414693553595992	121.2992874769673	2573.637064144858
24.41488710779756	121.29942596867406	2578.7280717845033
24.415105631090515	121.2995459064461	2593.1247386762475
24.41515333253308	121.29939031699446	2596.9634613236726
24.415448972979988	121.29933522979019	2611.062881833971
24.41579080784237	121.2994525299339	2626.3717516698866
24.416096377406088	121.2992434767975	2649.8354551242996
24.416219023601343	121.29936079389047	2653.6678806512787
24.416654556683017	121.29916240310403	2684.4424929975235
24.41671085074561	121.2990976755207	2686.609705811031
24.41656812839353	121.29912555386214	2685.489036545486
24.4167174721796	121.29912400226651	2687.3494305664576
24.416822413065272	121.29894221034101	2699.95382422776
24.416802999238936	121.299039025917	2695.065803271568
24.416849	121.29899	2702.0381860224134
24.41684057439078	121.29894495226021	2706.350156629458
24.417290578193814	121.29891063584637	2730.0201238325167
24.417645905398462	121.29862242048665	2747.8009756649844
24.417631293814082	121.29877308586167	2749.583815682984
24.417690908996097	121.29860940621715	2750.141978718919
24.417943093891363	121.2985975480859	2755.465158124211
24.417872457155596	121.29855923239526	2756.77675920826
24.418097925930056	121.29845790502318	2760.55111500568
24.418403059886018	121.29856831739728	2778.7338191492513
24.4185711383789	121.29837971186916	2789.558912248226
24.418804600577374	121.29835830477067	2799.9333901517352
24.41873298188575	121.2981270662689	2817.9549538824367
24.418901551828963	121.29812681577579	2821.349127665996
24.418856000368173	121.2979585093807	2827.502883207625
24.419151192824	121.29775428482144	2848.3836052396364
24.4192937605775	121.29778216433475	2852.2304573206584
24.41971889380126	121.29750769891018	2876.4722773071812
24.419759622156384	121.29693689254077	2892.980881441208
24.41976509778522	121.29691428331813	2894.4085409697527
24.419993650275178	121.29663104564052	2899.3809111751616
24.42020108590778	121.29625875851418	2915.542535003247
24.420722618583937	121.29603823713744	2928.0651247014794
24.421513570363462	121.29597425225677	2945.784911687139
24.421612662926897	121.29586089959042	2942.577573328409
24.421778577048617	121.2958831194707	2950.3899788637723
24.422458871343515	121.29547472421717	2966.4562497806696
24.422953255563513	121.29499949629758	2974.576424425138
24.423236596564248	121.29494701877795	2978.52896914546
24.4234413782439	121.29467977836705	2976.8211366003025
24.42398124069401	121.29437428356573	2965.5053149823734
24.424712852908208	121.29379386978299	2976.2546183361283
24.425103453836016	121.29390646135647	2991.545236110781
24.425624147777945	121.29377063176874	3005.8261869914113
24.42615152736824	121.29358172145402	3025.2816925793813
24.426423667079284	121.29330375105407	3042.562619235116
24.426467524019483	121.29337185530638	3044.6145895180216
24.426696	121.29296	3054.6480538587616
24.42675756205134	121.2929010005187	3058.0839563635145
24.426743095071952	121.29273162316196	3054.8610675964064
24.426987819966357	121.29253080636946	3062.4584468332987
24.4275595207547	121.29224292978553	3084.3217248972987
24.42771962147606	121.29195382068309	3099.937346028693
24.42793578099598	121.29161226155912	3112.5226961911117
24.427848492898	121.29162636030742	3111.7530243781243
24.427824531588975	121.2917011136778	3108.700676755609
24.42848582743622	121.29148940242203	3140.2617504541913
24.428574120390646	121.29160765197928	3147.7300886207713
24.428624482697472	121.2914393289535	3150.627144212501
24.42911700551884	121.29135761815722	3176.034312909686
24.429347827678935	121.29107120026033	3192.5995480672673
24.42949168351163	121.29088430701165	3208.1433034614292
24.429659811512312	121.29104938060796	3211.871679460785
24.429969530029727	121.2909488175671	3225.093352076332
24.431137468538495	121.28817799683846	3296.8148891581222
24.43113941441964	121.28818058013911	3299.3234062413744
24.431111	121.28815	3298.4774729339424
24.430664266901225	121.28836179265707	3275.004036633919
24.43024201098474	121.28832552773031	3255.728211632483
24.430005685387542	121.28816426750541	3238.4048836755164
24.429691990117682	121.28830964453792	3223.7770479979317
24.429596693131025	121.28824108648138	3219.2567614970917
24.42961970649741	121.2885040126384	3222.2834083615608
24.429569542732466	121.28825042206819	3218.8176581027915
24.429527854369553	121.28834882209989	3215.72880366724
24.429457122184886	121.28822343986421	3212.2826453799203
24.429573536701778	121.28791407109057	3201.9785224676784
24.429898002860536	121.28743302726986	3205.9983445248513
24.430154842401375	121.28711648990353	3218.4984608217524
24.430097108045256	121.2870562333401	3223.605060152018
24.43019316315609	121.28713371379806	3213.8685453188014
24.430330769963206	121.28693531267014	3218.4475120853895
24.430249260405205	121.28693535601914	3224.398130036235
24.430245742496137	121.28701999281218	3228.4687464465874
24.43046576482337	121.28694982329803	3227.9681040817914
24.430506248605443	121.28669658988375	3229.9470546294538
24.430639298103493	121.28640280700616	3232.636257810833
24.430551669406302	121.28623370738856	3236.6035884441785
24.430662325682743	121.28606205363955	3237.3919766897216
24.430716900467818	121.28612279205109	3244.001777038189
24.43056664427407	121.28588592362985	3241.367127645041
24.430608754050017	121.2857157627982	3242.608632554907
24.430759544030597	121.28554751597204	3243.720751703842
24.430857268600654	121.28507055328416	3231.4338729428873
24.430749065829783	121.28474190007574	3223.0295406337955
24.430606187368188	121.28432220814705	3199.4728876580066
24.43059234876517	121.28389294496321	3184.0208735390042
24.430693737799103	121.2837520869458	3179.036960070242
24.43067020507904	121.28324195268893	3169.6103179884944
24.4304862041407	121.28279288246542	3168.918662568381
24.430465070867626	121.28279184872623	3168.7467557921514
24.430487373397785	121.2828005141353	3169.8868414992467
24.43048371633306	121.2823601962495	3171.9029054926827
24.430175857821066	121.28231773082017	3163.5871554507985
24.43010989305569	121.28190169917136	3161.705728871478
24.430498472230973	121.28133438049595	3165.915016604917
24.43049042211548	121.28133615124655	3165.7770241200924
24.43031741345082	121.28105172541763	3163.835128277513
24.430433669035263	121.28082548591233	3165.397237763139
24.43033585214723	121.28035885113721	3164.8480476552563
24.430166056278928	121.27998503029455	3164.5094879219996
24.430134851114826	121.27939785982402	3165.8297024568215
24.429834116305333	121.2786213999123	3175.5547721635166
24.42969464814617	121.2788962277599	3175.2944870768483
24.42990327484039	121.27892136643179	3174.733174744842
24.429933391365058	121.2790548019124	3174.1808181176125
24.42999267300899	121.2788497240028	3173.892866917742
24.429888403190912	121.2788736156233	3174.0376223410044
24.429997375653553	121.278888584586	3173.00069809705
24.42972282196643	121.27794561289318	3195.048587627612
24.429503765677588	121.27698768196555	3233.2711257100127
24.429348327662613	121.27659004455941	3254.532682260493
24.42941157595056	121.27600713922313	3274.558792940216
24.429858484887262	121.27513810257219	3299.128668019683
24.430096964703058	121.27417772706652	3318.4623769635627
24.43017988403571	121.27318345646297	3340.8414137805116
24.429954696768867	121.27221369347775	3366.2918130426433
24.429902247605195	121.27178531901674	3382.024047551994
24.42944757327154	121.2713800840919	3402.740108010417
24.42882296186136	121.27065941940607	3401.6032209406994
24.428596180391292	121.2702959857971	3402.9023555746
24.42801809068867	121.2701976237468	3412.79402797248
24.427496152514586	121.26993186777806	3414.86731648851
24.42736149780309	121.26962592549565	3424.9598147353245
24.427425045447794	121.26944387878423	3427.7205927947384
24.427677851452977	121.2691346785243	3427.0412141186184
24.427805618681468	121.26854576190155	3438.4018100287362
24.42773146261825	121.26798205053993	3461.7511171778215
24.42792630506288	121.26755995923729	3477.4573684250936
24.428072032142126	121.26705597784695	3496.246289214644
24.4282	121.2668	3507.5610049195247
